-0.423949 87.2
-0.418973 86.1
-0.397118 82.0
-0.378816 78.5
-0.361935 75.4
-0.342922 71.5
-0.324087 67.8
-0.303298 63.6
-0.282153 59.4
-0.268115 56.5
-0.250702 53.2
-0.235243 50.0
-0.213032 45.4
-0.194552 42.0
-0.168965 36.8
-0.158659 34.4
-0.138047 30.2
-0.124542 27.4
-0.104259 23.4
-0.084269 19.2
-0.061436 14.5
-0.044094 10.9
-0.021385 6.2
-0.018506 5.6
-0.017191 5.4
-0.003792 2.7
0.015415 -1.3
0.035849 -5.9
0.043383 -7.2
0.054986 -9.5
0.072488 -13.3
0.095801 -17.9
0.119780 -22.8
0.140570 -27.1
0.168289 -32.7
0.169711 -33.2
0.187480 -36.3
0.211113 -41.1
0.232791 -45.4
0.269572 -52.7
0.295160 -57.8
0.324123 -64.1
0.353797 -70.0
0.403017 -79.5
0.408525 -80.6 
