2.23607e-12	0	1e-16
0.00223668	0	1e-10
0.00451523	0	1e-08
0.0067513	0	1e-08
0.00898737	0	1e-08
0.0112234	0	1e-08
0.0134595	0	1e-08
0.0156956	0	1e-08
0.0179316	0	1e-08
0.0201677	0	1e-08
0.0224038	0	1e-08
0.0246398	0	1e-08
0.0268759	0	1e-08
0.029112	0	1e-08
0.031348	0	1e-08
0.0335841	0	1e-08
0.0358202	0	1e-08
0.0380563	0	1e-08
0.0402923	0	1e-08
0.0425284	0	1e-08
0.0447645	0	1e-08
0.0470005	0	1e-08
0.0492366	0	1e-08
0.0514727	0	1e-08
0.0537087	0	1e-08
0.0559448	0	1e-08
0.0581809	0	1e-08
0.0604169	0	1e-08
0.062653	0	1e-08
0.0648891	0	1e-08
0.0671251	0	1e-08
0.0693612	0	1e-08
0.0715564	0.0228127	1e-10
0.0738998	0.0427247	1e-08
0.0760285	0.0769693	1e-10
0.0782646	0.101248	1e-10
0.0805007	0.123928	1e-10
0.0827368	0.145256	1e-10
0.0851517	0.164267	1e-08
0.0872089	0.183761	1e-10
0.089445	0.201355	1e-10
0.091681	0.217937	1e-10
0.093926	0.23157	1e-08
0.0961532	0.248333	1e-10
0.0983892	0.262295	1e-10
0.100623	0.275499	1e-10
0.102924	0.286549	1e-08
0.105095	0.299889	1e-10
0.107331	0.311156	1e-10
0.109567	0.321858	1e-10
0.111862	0.330199	1e-08
0.114039	0.341709	1e-10
0.116276	0.35092	1e-10
0.118512	0.359694	1e-10
0.120748	0.368057	1e-10
0.123033	0.37474	1e-08
0.12522	0.383639	1e-10
0.127456	0.390902	1e-10
0.129692	0.39784	1e-10
0.13197	0.403273	1e-08
0.134164	0.410805	1e-10
0.1364	0.416865	1e-10
0.138636	0.422662	1e-10
0.140908	0.426363	1e-08
0.143108	0.433522	1e-10
0.145344	0.438609	1e-10
0.14758	0.443482	1e-10
0.149817	0.448152	1e-10
0.15212	0.451663	1e-08
0.154289	0.456916	1e-10
0.156525	0.46103	1e-10
0.158761	0.464975	1e-10
0.160997	0.46876	1e-10
0.163233	0.472393	1e-10
0.165503	0.474918	1e-08
0.167705	0.479215	1e-10
0.169941	0.482422	1e-10
0.172177	0.485501	1e-10
0.174413	0.488456	1e-10
0.176656	0.494648	1e-09
0.178885	0.494013	1e-10
0.181122	0.496625	1e-10
0.183358	0.499133	1e-10
0.185594	0.501539	1e-10
0.18783	0.50385	1e-10
0.190218	0.505398	1e-08
0.192302	0.50819	1e-10
0.194538	0.51023	1e-10
0.196774	0.512187	1e-10
0.19901	0.514064	1e-10
0.201246	0.515868	1e-10
0.203601	0.516903	1e-08
0.205718	0.519239	1e-10
0.207954	0.520822	1e-10
0.21019	0.522338	1e-10
0.212426	0.52379	1e-10
0.214709	0.524515	1e-08
0.216899	0.526505	1e-10
0.219135	0.527775	1e-10
0.221371	0.528989	1e-10
0.223607	0.530148	1e-10
0.225843	0.531255	1e-10
0.228092	0.531646	1e-08
0.230315	0.533311	1e-10
0.232551	0.534267	1e-10
0.234787	0.535177	1e-10
0.237023	0.536042	1e-10
0.239259	0.536863	1e-10
0.241495	0.537641	1e-10
0.243731	0.538378	1e-10
0.245967	0.539075	1e-10
0.248204	0.539733	1e-10
0.25044	0.540354	1e-10
0.252676	0.540937	1e-10
0.254912	0.541484	1e-10
0.257148	0.541998	1e-10
0.2594	0.542417	1e-09
0.26162	0.542922	1e-10
0.263856	0.543336	1e-10
0.266092	0.543718	1e-10
0.268328	0.544071	1e-10
0.270564	0.544394	1e-10
0.2728	0.544688	1e-10
0.275036	0.544953	1e-10
0.277272	0.545192	1e-10
0.279508	0.545403	1e-10
0.281745	0.545589	1e-10
0.283981	0.545749	1e-10
0.286217	0.545884	1e-10
0.288453	0.545995	1e-10
0.290689	0.546083	1e-10
0.292925	0.546147	1e-10
0.295161	0.546188	1e-10
0.297417	0.546233	1e-09
0.299633	0.546205	1e-10
0.301869	0.546181	1e-10
0.304105	0.546137	1e-10
0.306341	0.546072	1e-10
0.308577	0.545988	1e-10
0.310813	0.545884	1e-10
0.31305	0.545761	1e-10
0.315286	0.545619	1e-10
0.317522	0.545459	1e-10
0.319758	0.545282	1e-10
0.321994	0.545086	1e-10
0.32423	0.544873	1e-10
0.326466	0.544644	1e-10
0.328702	0.544398	1e-10
0.330938	0.544135	1e-10
0.333174	0.543857	1e-10
0.335412	0.54359	1e-09
0.337646	0.543252	1e-10
0.339882	0.542927	1e-10
0.342118	0.542588	1e-10
0.344354	0.542233	1e-10
0.346591	0.541864	1e-10
0.348827	0.541481	1e-10
0.351063	0.541084	1e-10
0.353299	0.540673	1e-10
0.355535	0.540248	1e-10
0.357771	0.53981	1e-10
0.360007	0.539359	1e-10
0.362243	0.538895	1e-10
0.364479	0.538419	1e-10
0.366715	0.53793	1e-10
0.368951	0.537428	1e-10
0.371187	0.536914	1e-10
0.37343	0.535977	1e-09
0.375671	0.535818	1e-09
0.377895	0.5353	1e-10
0.380132	0.534739	1e-10
0.382368	0.534167	1e-10
0.384604	0.533583	1e-10
0.38684	0.532988	1e-10
0.389076	0.532381	1e-10
0.391312	0.531764	1e-10
0.393548	0.531137	1e-10
0.395784	0.530498	1e-10
0.39802	0.529849	1e-10
0.400256	0.52919	1e-10
0.402492	0.52852	1e-10
0.404728	0.52784	1e-10
0.406964	0.52715	1e-10
0.4092	0.52645	1e-10
0.411437	0.525756	1e-10
0.413688	0.52499	1e-09
0.415909	0.524291	1e-10
0.418145	0.523552	1e-10
0.420381	0.522804	1e-10
0.422617	0.522046	1e-10
0.424853	0.521278	1e-10
0.427089	0.520502	1e-10
0.429325	0.519716	1e-10
0.431561	0.518921	1e-10
0.433797	0.518118	1e-10
0.436033	0.517305	1e-10
0.438269	0.516483	1e-10
0.440505	0.515653	1e-10
0.442741	0.514814	1e-10
0.444978	0.513966	1e-10
0.447214	0.51311	1e-10
0.44945	0.512245	1e-10
0.451706	0.511342	1e-09
0.453922	0.510489	1e-10
0.456158	0.509599	1e-10
0.458394	0.5087	1e-10
0.46063	0.507794	1e-10
0.462866	0.506879	1e-10
0.465102	0.505956	1e-10
0.467338	0.505024	1e-10
0.469574	0.504085	1e-10
0.47181	0.503138	1e-10
0.474046	0.502183	1e-10
0.476282	0.50122	1e-10
0.478519	0.500249	1e-10
0.480755	0.499271	1e-10
0.482991	0.498285	1e-10
0.485227	0.497291	1e-10
0.487463	0.496289	1e-10
0.489701	0.495261	1e-09
0.491935	0.494263	1e-10
0.494171	0.493239	1e-10
0.496407	0.492207	1e-10
0.498643	0.491168	1e-10
0.500879	0.490121	1e-10
0.503115	0.489067	1e-10
0.505351	0.488006	1e-10
0.507587	0.486938	1e-10
0.509823	0.485862	1e-10
0.51206	0.484779	1e-10
0.514296	0.483689	1e-10
0.516532	0.482592	1e-10
0.518768	0.481487	1e-10
0.521004	0.480376	1e-10
0.52324	0.479258	1e-10
0.525476	0.478133	1e-10
0.527719	0.476984	1e-09
0.529948	0.475861	1e-10
0.532184	0.474715	1e-10
0.53442	0.473562	1e-10
0.536656	0.472403	1e-10
0.538892	0.471237	1e-10
0.541128	0.470063	1e-10
0.543365	0.468884	1e-10
0.545601	0.467697	1e-10
0.547837	0.466504	1e-10
0.550073	0.465305	1e-10
0.552309	0.464099	1e-10
0.554545	0.462886	1e-10
0.556781	0.461667	1e-10
0.559017	0.460441	1e-10
0.561253	0.459209	1e-10
0.563489	0.457971	1e-10
0.565736	0.456703	1e-09
0.567961	0.455475	1e-10
0.570197	0.454218	1e-10
0.572433	0.452954	1e-10
0.574669	0.451685	1e-10
0.576906	0.450409	1e-10
0.579142	0.449127	1e-10
0.581378	0.447839	1e-10
0.583614	0.446544	1e-10
0.58585	0.445244	1e-10
0.588086	0.443938	1e-10
0.590322	0.442626	1e-10
0.592558	0.441308	1e-10
0.594794	0.439984	1e-10
0.59703	0.438654	1e-10
0.599266	0.437319	1e-10
0.601502	0.435977	1e-10
0.603754	0.434639	1e-09
0.605974	0.433277	1e-10
0.60821	0.431919	1e-10
0.610447	0.430555	1e-10
0.612683	0.429185	1e-10
0.614919	0.42781	1e-10
0.617155	0.426429	1e-10
0.619391	0.425043	1e-10
0.621627	0.423652	1e-10
0.623863	0.422255	1e-10
0.626099	0.420853	1e-10
0.628335	0.419445	1e-10
0.630571	0.418032	1e-10
0.632807	0.416614	1e-10
0.635043	0.415191	1e-10
0.637279	0.413763	1e-10
0.639515	0.41233	1e-10
0.641772	0.410732	1e-09
0.643988	0.409448	1e-10
0.646224	0.407999	1e-10
0.64846	0.406546	1e-10
0.650696	0.405088	1e-10
0.652932	0.403625	1e-10
0.655168	0.402157	1e-10
0.657404	0.400685	1e-10
0.65964	0.399208	1e-10
0.661876	0.397726	1e-10
0.664112	0.39624	1e-10
0.666348	0.394749	1e-10
0.668584	0.393254	1e-10
0.67082	0.391754	1e-10
0.673056	0.39025	1e-10
0.675293	0.388741	1e-10
0.677529	0.387228	1e-10
0.679767	0.385597	1e-09
0.682007	0.384182	1e-09
0.684237	0.382665	1e-10
0.686473	0.381135	1e-10
0.688709	0.379602	1e-10
0.690945	0.378065	1e-10
0.693181	0.376523	1e-10
0.695417	0.374978	1e-10
0.697653	0.373429	1e-10
0.699889	0.371876	1e-10
0.702125	0.37032	1e-10
0.704361	0.36876	1e-10
0.706597	0.367196	1e-10
0.708834	0.365629	1e-10
0.71107	0.364058	1e-10
0.713306	0.362484	1e-10
0.715542	0.360907	1e-10
0.717778	0.359327	1e-10
0.720025	0.357733	1e-09
0.72225	0.356155	1e-10
0.724486	0.354565	1e-10
0.726722	0.352972	1e-10
0.728958	0.351376	1e-10
0.731194	0.349776	1e-10
0.73343	0.348174	1e-10
0.735666	0.346569	1e-10
0.737902	0.344962	1e-10
0.740139	0.343352	1e-10
0.742375	0.341739	1e-10
0.744611	0.340124	1e-10
0.746847	0.338506	1e-10
0.749083	0.336885	1e-10
0.751319	0.335263	1e-10
0.753555	0.333638	1e-10
0.755791	0.332011	1e-10
0.758043	0.330371	1e-09
0.760263	0.32875	1e-10
0.762499	0.327117	1e-10
0.764735	0.325482	1e-10
0.766971	0.323845	1e-10
0.769207	0.322206	1e-10
0.771443	0.320565	1e-10
0.77368	0.318923	1e-10
0.775916	0.317279	1e-10
0.778152	0.315634	1e-10
0.780388	0.313987	1e-10
0.782624	0.312339	1e-10
0.78486	0.31069	1e-10
0.787096	0.309039	1e-10
0.789332	0.307387	1e-10
0.791568	0.305734	1e-10
0.793804	0.304081	1e-10
0.79606	0.302414	1e-09
0.798276	0.30077	1e-10
0.800512	0.299114	1e-10
0.802748	0.297457	1e-10
0.804984	0.295799	1e-10
0.807221	0.294141	1e-10
0.809457	0.292482	1e-10
0.811693	0.290823	1e-10
0.813929	0.289164	1e-10
0.816165	0.287504	1e-10
0.818401	0.285845	1e-10
0.820637	0.284185	1e-10
0.822873	0.282525	1e-10
0.825109	0.280866	1e-10
0.827345	0.279206	1e-10
0.829581	0.277547	1e-10
0.831817	0.275888	1e-10
0.834056	0.274232	1e-09
0.836289	0.272572	1e-10
0.838525	0.270914	1e-10
0.840762	0.269258	1e-10
0.842998	0.267602	1e-10
0.845234	0.265947	1e-10
0.84747	0.264292	1e-10
0.849706	0.262639	1e-10
0.851942	0.260987	1e-10
0.854178	0.259336	1e-10
0.856414	0.257686	1e-10
0.85865	0.256038	1e-10
0.860886	0.254391	1e-10
0.863122	0.252745	1e-10
0.865358	0.251101	1e-10
0.867594	0.249458	1e-10
0.86983	0.247818	1e-10
0.872073	0.246179	1e-09
0.874303	0.244542	1e-10
0.876539	0.242907	1e-10
0.878775	0.241274	1e-10
0.881011	0.239643	1e-10
0.883247	0.238015	1e-10
0.885483	0.236389	1e-10
0.887719	0.234765	1e-10
0.889955	0.233144	1e-10
0.892191	0.231525	1e-10
0.894427	0.229909	1e-10
0.896663	0.228295	1e-10
0.898899	0.226685	1e-10
0.901135	0.225077	1e-10
0.903371	0.223473	1e-10
0.905608	0.221871	1e-10
0.907844	0.220272	1e-10
0.910091	0.218677	1e-09
0.912316	0.217085	1e-10
0.914552	0.215497	1e-10
0.916788	0.213912	1e-10
0.919024	0.21233	1e-10
0.92126	0.210752	1e-10
0.923496	0.209178	1e-10
0.925732	0.207608	1e-10
0.927968	0.206042	1e-10
0.930204	0.204479	1e-10
0.93244	0.202921	1e-10
0.934676	0.201366	1e-10
0.936912	0.199816	1e-10
0.939149	0.198271	1e-10
0.941385	0.196729	1e-10
0.943621	0.195192	1e-10
0.945857	0.19366	1e-10
0.948108	0.192123	1e-09
0.950349	0.190602	1e-09
0.952565	0.18909	1e-10
0.954801	0.187576	1e-10
0.957037	0.186068	1e-10
0.959273	0.184564	1e-10
0.961509	0.183065	1e-10
0.963745	0.181572	1e-10
0.965981	0.180083	1e-10
0.968217	0.1786	1e-10
0.970454	0.177122	1e-10
0.97269	0.17565	1e-10
0.974926	0.174183	1e-10
0.977162	0.172722	1e-10
0.979398	0.171266	1e-10
0.981634	0.169817	1e-10
0.98387	0.168372	1e-10
0.986106	0.166953	1e-10
0.988344	0.165507	1e-09
0.990578	0.164075	1e-10
0.992814	0.162655	1e-10
0.99505	0.161241	1e-10
0.997286	0.159833	1e-10
0.999522	0.158431	1e-10
1.00176	0.157035	1e-10
1.00399	0.155646	1e-10
1.00623	0.154263	1e-10
1.00847	0.152887	1e-10
1.0107	0.151517	1e-10
1.01294	0.150154	1e-10
1.01517	0.148798	1e-10
1.01741	0.147448	1e-10
1.01965	0.146105	1e-10
1.02188	0.144769	1e-10
1.02412	0.14344	1e-10
1.02636	0.142121	1e-09
1.02859	0.140802	1e-10
1.03083	0.139494	1e-10
1.03306	0.138193	1e-10
1.0353	0.136899	1e-10
1.03754	0.135612	1e-10
1.03977	0.134333	1e-10
1.04201	0.133061	1e-10
1.04424	0.131796	1e-10
1.04648	0.130539	1e-10
1.04872	0.129289	1e-10
1.05095	0.128046	1e-10
1.05319	0.126811	1e-10
1.05542	0.125584	1e-10
1.05766	0.124364	1e-10
1.0599	0.123152	1e-10
1.06213	0.121947	1e-10
1.06437	0.120751	1e-10
1.06662	0.119561	1e-09
1.06884	0.11838	1e-10
1.07108	0.117207	1e-10
1.07331	0.116041	1e-10
1.07555	0.114884	1e-10
1.07778	0.113734	1e-10
1.08002	0.112592	1e-10
1.08226	0.111459	1e-10
1.08449	0.110333	1e-10
1.08673	0.109215	1e-10
1.08897	0.108105	1e-10
1.0912	0.107004	1e-10
1.09344	0.10591	1e-10
1.09567	0.104825	1e-10
1.09791	0.103748	1e-10
1.10015	0.102678	1e-10
1.10238	0.101618	1e-10
1.10462	0.100565	1e-10
1.10685	0.0995203	1e-10
1.10909	0.098484	1e-10
1.11133	0.0974587	1e-09
1.11356	0.0964362	1e-10
1.1158	0.0954246	1e-10
1.11803	0.0944213	1e-10
1.12027	0.0934263	1e-10
1.12251	0.0924396	1e-10
1.12474	0.0914612	1e-10
1.12698	0.090491	1e-10
1.12921	0.0895292	1e-10
1.13145	0.0885757	1e-10
1.13369	0.0876304	1e-10
1.13592	0.0866935	1e-10
1.13816	0.0857648	1e-10
1.14039	0.0848444	1e-10
1.14263	0.0839324	1e-10
1.14487	0.0830286	1e-10
1.1471	0.0821331	1e-10
1.14934	0.0812458	1e-10
1.15158	0.0803668	1e-10
1.15381	0.0794961	1e-10
1.15605	0.0786386	1e-09
1.15828	0.0777794	1e-10
1.16052	0.0769333	1e-10
1.16276	0.0760955	1e-10
1.16499	0.0752659	1e-10
1.16723	0.0744444	1e-10
1.16946	0.0736311	1e-10
1.1717	0.0728259	1e-10
1.17394	0.0720288	1e-10
1.17617	0.0712398	1e-10
1.17841	0.0704589	1e-10
1.18064	0.0696861	1e-10
1.18288	0.0689212	1e-10
1.18512	0.0681644	1e-10
1.18735	0.0674155	1e-10
1.18959	0.0666746	1e-10
1.19182	0.0659416	1e-10
1.19406	0.0652165	1e-10
1.1963	0.0644993	1e-10
1.19853	0.0637899	1e-10
1.20078	0.0630874	1e-09
1.203	0.0623944	1e-10
1.20524	0.0617083	1e-10
1.20748	0.0610299	1e-10
1.20971	0.0603592	1e-10
1.21195	0.059696	1e-10
1.21418	0.0590405	1e-10
1.21642	0.0583925	1e-10
1.21866	0.057752	1e-10
1.22089	0.057119	1e-10
1.22313	0.0564934	1e-10
1.22537	0.0558752	1e-10
1.2276	0.0552644	1e-10
1.22984	0.0546609	1e-10
1.23207	0.0540646	1e-10
1.23431	0.0534755	1e-10
1.23655	0.0528937	1e-10
1.23878	0.0523189	1e-10
1.24102	0.0517512	1e-10
1.24325	0.0511906	1e-10
1.2455	0.0506378	1e-09
1.24773	0.0500902	1e-10
1.24996	0.0495504	1e-10
1.2522	0.0490174	1e-10
1.25443	0.0484913	1e-10
1.25667	0.0479718	1e-10
1.25891	0.0474591	1e-10
1.26114	0.0469529	1e-10
1.26338	0.0464534	1e-10
1.26561	0.0459604	1e-10
1.26785	0.0454739	1e-10
1.27009	0.0449938	1e-10
1.27232	0.0445201	1e-10
1.27456	0.0440528	1e-10
1.27679	0.0435916	1e-10
1.27903	0.0431367	1e-10
1.28127	0.042688	1e-10
1.2835	0.0422454	1e-10
1.28574	0.0418088	1e-10
1.28798	0.0413782	1e-10
1.29021	0.0409553	1e-09
1.29245	0.0405347	1e-10
1.29468	0.0401218	1e-10
1.29692	0.0397146	1e-10
1.29916	0.0393131	1e-10
1.30139	0.0389173	1e-10
1.30363	0.038527	1e-10
1.30586	0.0381423	1e-10
1.3081	0.0377631	1e-10
1.31034	0.0373893	1e-10
1.31257	0.0370209	1e-10
1.31481	0.0366577	1e-10
1.31704	0.0362999	1e-10
1.31928	0.0359472	1e-10
1.32152	0.0355996	1e-10
1.32375	0.0352571	1e-10
1.32599	0.0349197	1e-10
1.32822	0.0345872	1e-10
1.33046	0.0342596	1e-10
1.33271	0.0339367	1e-09
1.33495	0.0336178	1e-09
1.33717	0.0333056	1e-10
1.3394	0.0329971	1e-10
1.34164	0.0326931	1e-10
1.34388	0.0323937	1e-10
1.34611	0.0320988	1e-10
1.34835	0.0318084	1e-10
1.35059	0.0315223	1e-10
1.35282	0.0312406	1e-10
1.35506	0.0309631	1e-10
1.35729	0.0306899	1e-10
1.35953	0.0304208	1e-10
1.36177	0.0301558	1e-10
1.364	0.0298949	1e-10
1.36624	0.029638	1e-10
1.36847	0.029385	1e-10
1.37071	0.0291359	1e-10
1.37295	0.0288906	1e-10
1.37518	0.0286491	1e-10
1.37742	0.0284118	1e-09
1.37965	0.0281773	1e-10
1.38189	0.0279468	1e-10
1.38413	0.0277199	1e-10
1.38636	0.0274965	1e-10
1.3886	0.0272766	1e-10
1.39083	0.0270601	1e-10
1.39307	0.0268469	1e-10
1.39531	0.0266371	1e-10
1.39754	0.0264305	1e-10
1.39978	0.0262271	1e-10
1.40201	0.0260269	1e-10
1.40425	0.0258298	1e-10
1.40649	0.0256357	1e-10
1.40873	0.0254445	1e-10
1.41096	0.0252565	1e-10
1.4132	0.0250713	1e-10
1.41543	0.0248891	1e-10
1.41767	0.0247096	1e-10
1.41991	0.0245329	1e-10
1.42216	0.0243582	1e-09
1.42438	0.0241878	1e-10
1.42661	0.0240192	1e-10
1.42885	0.0238532	1e-10
1.43109	0.0236898	1e-10
1.43332	0.0235288	1e-10
1.43556	0.0233704	1e-10
1.43779	0.0232144	1e-10
1.44003	0.0230607	1e-10
1.44227	0.0229094	1e-10
1.4445	0.0227605	1e-10
1.44674	0.0226137	1e-10
1.44897	0.0224693	1e-10
1.45121	0.022327	1e-10
1.45345	0.0221868	1e-10
1.45568	0.0220488	1e-10
1.45792	0.0219128	1e-10
1.46015	0.0217789	1e-10
1.46239	0.0216469	1e-10
1.46463	0.0215169	1e-10
1.46687	0.0213885	1e-09
1.4691	0.0212627	1e-10
1.47133	0.0211384	1e-10
1.47357	0.021016	1e-10
1.47581	0.0208953	1e-10
1.47804	0.0207763	1e-10
1.48028	0.0206591	1e-10
1.48252	0.0205436	1e-10
1.48475	0.0204298	1e-10
1.48699	0.0203175	1e-10
1.48922	0.0202069	1e-10
1.49146	0.0200978	1e-10
1.4937	0.0199903	1e-10
1.49593	0.0198843	1e-10
1.49817	0.0197798	1e-10
1.5004	0.0196767	1e-10
1.50264	0.019575	1e-10
1.50488	0.0194747	1e-10
1.50711	0.0193758	1e-10
1.50935	0.0192782	1e-10
1.51159	0.0191819	1e-09
1.51382	0.019087	1e-10
1.51606	0.0189934	1e-10
1.51829	0.0189009	1e-10
1.52053	0.0188097	1e-10
1.52276	0.0187196	1e-10
1.525	0.0186307	1e-10
1.52724	0.018543	1e-10
1.52947	0.0184564	1e-10
1.53171	0.0183709	1e-10
1.53394	0.0182864	1e-10
1.53618	0.0182031	1e-10
1.53842	0.0181207	1e-10
1.54065	0.0180394	1e-10
1.54289	0.0179591	1e-10
1.54513	0.0178797	1e-10
1.54736	0.0178013	1e-10
1.5496	0.0177239	1e-10
1.55183	0.0176473	1e-10
1.55407	0.0175717	1e-10
1.55633	0.0174962	1e-09
1.55854	0.017423	1e-10
1.56078	0.01735	1e-10
1.56301	0.0172778	1e-10
1.56525	0.0172064	1e-10
1.56749	0.0171357	1e-10
1.56972	0.0170659	1e-10
1.57196	0.0169969	1e-10
1.57419	0.0169286	1e-10
1.57643	0.016861	1e-10
1.57867	0.0167941	1e-10
1.5809	0.016728	1e-10
1.58314	0.0166625	1e-10
1.58537	0.0165978	1e-10
1.58761	0.0165337	1e-10
1.58985	0.0164702	1e-10
1.59208	0.0164074	1e-10
1.59432	0.0163452	1e-10
1.59655	0.0162836	1e-10
1.59879	0.0162227	1e-10
1.60104	0.0161619	1e-09
1.60326	0.0161025	1e-10
1.6055	0.0160433	1e-10
1.60774	0.0159846	1e-10
1.60997	0.0159265	1e-10
1.61221	0.0158689	1e-10
1.61444	0.0158119	1e-10
1.61668	0.0157553	1e-10
1.61892	0.0156993	1e-10
1.62115	0.0156437	1e-10
1.62339	0.0155887	1e-10
1.62562	0.0155341	1e-10
1.62786	0.01548	1e-10
1.6301	0.0154264	1e-10
1.63233	0.0153732	1e-10
1.63457	0.0153205	1e-10
1.6368	0.0152682	1e-10
1.63904	0.0152163	1e-10
1.64128	0.0151648	1e-10
1.64351	0.0151137	1e-09
1.64575	0.0150629	1e-09
1.64798	0.0150129	1e-10
1.65022	0.0149631	1e-10
1.65246	0.0149136	1e-10
1.65469	0.0148646	1e-10
1.65693	0.0148158	1e-10
1.65916	0.0147675	1e-10
1.6614	0.0147195	1e-10
1.66364	0.0146719	1e-10
1.66587	0.0146246	1e-10
1.66811	0.0145777	1e-10
1.67035	0.014531	1e-10
1.67258	0.0144848	1e-10
1.67482	0.0144388	1e-10
1.67705	0.0143932	1e-10
1.67929	0.0143479	1e-10
1.68153	0.0143029	1e-10
1.68376	0.0142582	1e-10
1.686	0.0142138	1e-10
1.68825	0.0141692	1e-09
1.69047	0.0141258	1e-10
1.69271	0.0140823	1e-10
1.69494	0.014039	1e-10
1.69718	0.0139961	1e-10
1.69941	0.0139534	1e-10
1.70165	0.0139109	1e-10
1.70389	0.0138688	1e-10
1.70612	0.0138269	1e-10
1.70836	0.0137852	1e-10
1.71059	0.0137439	1e-10
1.71283	0.0137027	1e-10
1.71507	0.0136618	1e-10
1.7173	0.0136212	1e-10
1.71954	0.0135808	1e-10
1.72177	0.0135406	1e-10
1.72401	0.0135007	1e-10
1.72625	0.013461	1e-10
1.72848	0.0134215	1e-10
1.73072	0.0133823	1e-10
1.73295	0.0133432	1e-10
1.7352	0.0133042	1e-09
1.73744	0.0132655	1e-09
1.73966	0.0132275	1e-10
1.7419	0.0131893	1e-10
1.74414	0.0131513	1e-10
1.74637	0.0131136	1e-10
1.74861	0.0130761	1e-10
1.75084	0.0130387	1e-10
1.75308	0.0130016	1e-10
1.75532	0.0129646	1e-10
1.75755	0.0129279	1e-10
1.75979	0.0128913	1e-10
1.76202	0.012855	1e-10
1.76426	0.0128188	1e-10
1.7665	0.0127828	1e-10
1.76873	0.012747	1e-10
1.77097	0.0127114	1e-10
1.7732	0.0126759	1e-10
1.77544	0.0126407	1e-10
1.77768	0.0126056	1e-10
1.77991	0.0125707	1e-10
1.78215	0.0125359	1e-10
1.78438	0.0125014	1e-10
1.78662	0.012467	1e-10
1.78887	0.0124325	1e-09
1.79109	0.0123987	1e-10
1.79333	0.0123648	1e-10
1.79556	0.0123311	1e-10
1.7978	0.0122975	1e-10
1.80004	0.0122641	1e-10
1.80227	0.0122308	1e-10
1.80451	0.0121977	1e-10
1.80675	0.0121648	1e-10
1.80898	0.012132	1e-10
1.81122	0.0120994	1e-10
1.81345	0.0120669	1e-10
1.81569	0.0120346	1e-10
1.81793	0.0120024	1e-10
1.82016	0.0119704	1e-10
1.8224	0.0119385	1e-10
1.82463	0.0119068	1e-10
1.82687	0.0118752	1e-10
1.82911	0.0118438	1e-10
1.83134	0.0118125	1e-10
1.83358	0.0117813	1e-10
1.83581	0.0117503	1e-10
1.83805	0.0117194	1e-10
1.84029	0.0116886	1e-10
1.84254	0.0116578	1e-09
1.84476	0.0116276	1e-10
1.84699	0.0115972	1e-10
1.84923	0.011567	1e-10
1.85147	0.011537	1e-10
1.8537	0.011507	1e-10
1.85594	0.0114772	1e-10
1.85817	0.0114475	1e-10
1.86041	0.011418	1e-10
1.86265	0.0113886	1e-10
1.86488	0.0113593	1e-10
1.86712	0.0113301	1e-10
1.86936	0.011301	1e-10
1.87159	0.0112721	1e-10
1.87383	0.0112433	1e-10
1.87606	0.0112147	1e-10
1.8783	0.0111861	1e-10
1.88054	0.0111577	1e-10
1.88277	0.0111294	1e-10
1.88501	0.0111012	1e-10
1.88724	0.0110731	1e-10
1.88948	0.0110451	1e-10
1.89172	0.0110173	1e-10
1.89395	0.0109896	1e-10
1.89621	0.0109617	1e-09
1.89842	0.0109345	1e-10
1.90066	0.0109071	1e-10
1.9029	0.0108798	1e-10
1.90513	0.0108527	1e-10
1.90737	0.0108256	1e-10
1.9096	0.0107987	1e-10
1.91184	0.0107719	1e-10
1.91408	0.0107452	1e-10
1.91631	0.0107186	1e-10
1.91855	0.0106921	1e-10
1.92078	0.0106657	1e-10
1.92302	0.0106394	1e-10
1.92526	0.0106132	1e-10
1.92749	0.0105872	1e-10
1.92973	0.0105612	1e-10
1.93196	0.0105354	1e-10
1.9342	0.0105096	1e-10
1.93644	0.0104839	1e-10
1.93867	0.0104584	1e-10
1.94091	0.0104329	1e-10
1.94315	0.0104076	1e-10
1.94538	0.0103824	1e-10
1.94762	0.0103572	1e-10
1.94985	0.0103322	1e-10
1.95209	0.0103072	1e-10
1.95433	0.0102824	1e-10
1.95656	0.0102576	1e-10
1.9588	0.010233	1e-10
1.96103	0.0102084	1e-10
1.96327	0.0101839	1e-10
1.96551	0.0101596	1e-10
1.96774	0.0101353	1e-10
1.96998	0.0101111	1e-10
1.97221	0.010087	1e-10
1.97445	0.010063	1e-10
1.97669	0.0100392	1e-10
1.97892	0.0100153	1e-10
1.98116	0.00999163	1e-10
1.98339	0.00996801	1e-10
1.98563	0.00994448	1e-10
1.98787	0.00992104	1e-10
1.9901	0.00989769	1e-10
1.99234	0.00987442	1e-10
1.99457	0.00985125	1e-10
1.99681	0.00982817	1e-10
1.99905	0.00980517	1e-10
2.00128	0.00978226	1e-10
2.00352	0.00975943	1e-10
2.00576	0.0097367	1e-10
2.00799	0.00971405	1e-10
2.01023	0.00969148	1e-10
2.01246	0.009669	1e-10
2.0147	0.0096466	1e-10
2.01694	0.00962429	1e-10
2.01917	0.00960206	1e-10
2.02141	0.00957992	1e-10
2.02364	0.00955785	1e-10
2.02588	0.00953587	1e-10
2.02812	0.00951397	1e-10
2.03035	0.00949216	1e-10
2.03259	0.00947042	1e-10
2.03482	0.00944876	1e-10
2.03706	0.00942719	1e-10
2.0393	0.00940569	1e-10
2.04153	0.00938428	1e-10
2.04377	0.00936294	1e-10
2.046	0.00934168	1e-10
2.04824	0.0093205	1e-10
2.05048	0.00929939	1e-10
2.05271	0.00927837	1e-10
2.05495	0.00925742	1e-10
2.05718	0.00923655	1e-10
2.05942	0.00921575	1e-10
2.06166	0.00919503	1e-10
2.06389	0.00917438	1e-10
2.06613	0.00915381	1e-10
2.06837	0.00913331	1e-10
2.0706	0.00911289	1e-10
2.07284	0.00909254	1e-10
2.07507	0.00907227	1e-10
2.07731	0.00905207	1e-10
2.07955	0.00903194	1e-10
2.08178	0.00901188	1e-10
2.08402	0.00899189	1e-10
2.08625	0.00897198	1e-10
2.08849	0.00895214	1e-10
2.09073	0.00893237	1e-10
2.09296	0.00891267	1e-10
2.0952	0.00889303	1e-10
2.09743	0.00887347	1e-10
2.09967	0.00885398	1e-10
2.10191	0.00883456	1e-10
2.10414	0.00881521	1e-10
2.10638	0.00879592	1e-10
2.10861	0.0087767	1e-10
2.11085	0.00875756	1e-10
2.11309	0.00873847	1e-10
2.11532	0.00871946	1e-10
2.11756	0.00870051	1e-10
2.11979	0.00868163	1e-10
2.12203	0.00866282	1e-10
2.12427	0.00864407	1e-10
2.1265	0.00862538	1e-10
2.12874	0.00860676	1e-10
2.13098	0.00858821	1e-10
2.13321	0.00856972	1e-10
2.13545	0.0085513	1e-10
2.13768	0.00853294	1e-10
2.13992	0.00851464	1e-10
2.14216	0.00849641	1e-10
2.14439	0.00847823	1e-10
2.14663	0.00846013	1e-10
2.14886	0.00844208	1e-10
2.1511	0.0084241	1e-10
2.15334	0.00840618	1e-10
2.15557	0.00838832	1e-10
2.15781	0.00837052	1e-10
2.16004	0.00835278	1e-10
2.16228	0.0083351	1e-10
2.16452	0.00831749	1e-10
2.16675	0.00829993	1e-10
2.16899	0.00828244	1e-10
2.17122	0.008265	1e-10
2.17346	0.00824762	1e-10
2.1757	0.0082303	1e-10
2.17793	0.00821304	1e-10
2.18017	0.00819584	1e-10
2.1824	0.0081787	1e-10
2.18464	0.00816161	1e-10
2.18688	0.00814459	1e-10
2.18911	0.00812762	1e-10
2.19135	0.0081107	1e-10
2.19358	0.00809385	1e-10
2.19582	0.00807705	1e-10
2.19806	0.00806031	1e-10
2.20029	0.00804362	1e-10
2.20253	0.00802699	1e-10
2.20477	0.00801041	1e-10
2.207	0.00799389	1e-10
2.20924	0.00797743	1e-10
2.21147	0.00796102	1e-10
2.21371	0.00794466	1e-10
2.21595	0.00792836	1e-10
2.21818	0.00791212	1e-10
2.22042	0.00789592	1e-10
2.22265	0.00787978	1e-10
2.22489	0.0078637	1e-10
2.22713	0.00784767	1e-10
2.22936	0.00783169	1e-10
2.2316	0.00781576	1e-10
2.23383	0.00779988	1e-10
2.23607	0.00778406	1e-10
2.23831	0.00776829	1e-10
2.24054	0.00775257	1e-10
2.24278	0.0077369	1e-10
2.24501	0.00772129	1e-10
2.24725	0.00770572	1e-10
2.24949	0.00769021	1e-10
2.25172	0.00767475	1e-10
2.25396	0.00765933	1e-10
2.25619	0.00764397	1e-10
2.25843	0.00762866	1e-10
2.26067	0.00761339	1e-10
2.2629	0.00759818	1e-10
2.26514	0.00758301	1e-10
2.26738	0.0075679	1e-10
2.26961	0.00755283	1e-10
2.27185	0.00753781	1e-10
2.27408	0.00752284	1e-10
2.27632	0.00750792	1e-10
2.27856	0.00749305	1e-10
2.28079	0.00747822	1e-10
2.28303	0.00746345	1e-10
2.28526	0.00744872	1e-10
2.2875	0.00743403	1e-10
2.28974	0.0074194	1e-10
2.29197	0.00740481	1e-10
2.29421	0.00739026	1e-10
2.29644	0.00737577	1e-10
2.29868	0.00736132	1e-10
2.30092	0.00734691	1e-10
2.30315	0.00733255	1e-10
2.30539	0.00731824	1e-10
